vowel_costs <- c(
  0.2, 0.2, 0.4, 0.6000000000000001, 0.4, 0.8, 0.4, 0.6000000000000001, 0.8, 0.6000000000000001,
  1.0, 0.8, 0.6000000000000001, 0.8, 0.4, 0.2, 0.4, 0.2, 0.6000000000000001, 0.6000000000000001,
  0.4, 0.6000000000000001, 0.8, 0.8, 0.6000000000000001, 0.8, 0.6000000000000001, 0.2, 0.4,
  0.6000000000000001, 0.6000000000000001, 0.2, 0.4, 0.6000000000000001, 0.4, 0.8, 0.6000000000000001,
  0.4, 0.6000000000000001, 0.2, 0.4, 0.4, 0.4, 0.2, 0.4, 0.6000000000000001, 0.6000000000000001,
  0.4, 0.6000000000000001, 0.4, 0.2, 0.2, 0.6000000000000001, 0.4, 0.2, 0.8, 0.4, 0.6000000000000001,
  0.8, 0.6000000000000001, 0.4, 0.8, 0.6000000000000001, 0.4, 1.0, 0.6000000000000001, 0.8,
  1.0, 0.8, 0.8, 0.6000000000000001, 0.4, 0.6000000000000001, 0.2, 0.4, 0.6000000000000001,
  0.4, 0.2, 0.4, 0.2, 0.6000000000000001, 0.4, 0.4, 0.6000000000000001, 0.2, 0.4, 0.4, 0.2,
  0.6000000000000001, 0.4, 0.6000000000000001, 0.2, 0.4, 0.8, 0.6000000000000001, 0.4, 0.2, 0.2,
  0.4, 0.2, 0.6000000000000001, 0.4, 0.4, 0.2, 0.2
)


# consonant before adjustment
consonant_costs <- c(
  0.2, 0.13333333332, 0.33333333332000004, 0.46666666640000004, 0.4, 0.6000000000000001,
  0.4, 0.6000000000000001, 0.53333333332, 0.7333333333200001, 0.6666666664, 0.8666666664,
  1.0, 0.66666666665, 0.66666666665, 0.5, 0.833333333, 1.0, 0.5, 0.66666666665, 0.833333333,
  0.33333333332000004, 0.13333333332, 0.26666666640000003, 0.6000000000000001, 0.4,
  0.6000000000000001, 0.4, 0.7333333333200001, 0.53333333332, 0.8666666664, 0.6666666664,
  0.8, 0.66666666665, 0.66666666665, 0.5, 0.833333333, 1.0, 0.5, 0.66666666665, 0.833333333,
  0.2, 0.33333333308, 0.26666666668000005, 0.46666666668000006, 0.53333333332, 0.7333333333200001,
  0.4, 0.6000000000000001, 0.5333333330800001, 0.73333333308, 0.86666666668, 0.5, 0.5,
  0.66666666665, 0.66666666635, 0.83333333335, 0.66666666665, 0.5, 0.66666666635, 0.13333333308000003,
  0.46666666668000006, 0.26666666668000005, 0.7333333333200001, 0.53333333332, 0.6000000000000001,
  0.4, 0.73333333308, 0.5333333330800001, 0.6666666666800001, 0.5, 0.5, 0.66666666665,
  0.66666666635, 0.83333333335, 0.66666666665, 0.5, 0.66666666635, 0.3333333336, 0.1333333336,
  0.8666666664, 0.6666666664, 0.73333333308, 0.5333333330800001, 0.6000000000000001, 0.4,
  0.5333333336, 0.66666666635, 0.66666666635, 0.833333333, 0.5, 0.666666667, 0.833333333,
  0.66666666635, 0.5, 0.2, 0.8, 1.0, 0.6666666666800001, 0.86666666668, 0.5333333336,
  0.7333333336000001, 0.6000000000000001, 0.83333333335, 0.83333333335, 1.0, 0.666666667,
  0.5, 1.0, 0.83333333335, 0.666666667, 1.0, 0.8, 0.86666666668, 0.6666666666800001,
  0.7333333336000001, 0.5333333336, 0.4, 0.83333333335, 0.83333333335, 1.0, 0.666666667,
  0.5, 1.0, 0.83333333335, 0.666666667, 0.2, 0.13333333332, 0.33333333332000004,
  0.26666666640000003, 0.46666666640000004, 0.6000000000000001, 0.66666666665, 0.66666666665,
  0.5, 0.833333333, 1.0, 0.5, 0.66666666665, 0.833333333, 0.33333333332000004, 0.13333333332,
  0.46666666640000004, 0.26666666640000003, 0.4, 0.66666666665, 0.66666666665, 0.5,
  0.833333333, 1.0, 0.5, 0.66666666665, 0.833333333, 0.2, 0.13333333308000003, 0.33333333308,
  0.46666666668000006, 0.5, 0.5, 0.66666666665, 0.66666666635, 0.83333333335, 0.66666666665,
  0.5, 0.66666666635, 0.33333333308, 0.13333333308000003, 0.26666666668000005, 0.5, 0.5,
  0.66666666665, 0.66666666635, 0.83333333335, 0.66666666665, 0.5, 0.66666666635, 0.2,
  0.3333333336, 0.66666666635, 0.66666666635, 0.833333333, 0.5, 0.666666667, 0.833333333,
  0.66666666635, 0.5, 0.1333333336, 0.66666666635, 0.66666666635, 0.833333333, 0.5,
  0.666666667, 0.833333333, 0.66666666635, 0.5, 0.83333333335, 0.83333333335, 1.0,
  0.666666667, 0.5, 1.0, 0.83333333335, 0.666666667, 0.0, 0.66666666665, 0.66666666635,
  0.83333333335, 0.66666666665, 0.5, 0.66666666635, 0.66666666665, 0.66666666635,
  0.83333333335, 0.66666666665, 0.5, 0.66666666635, 0.333333333, 0.5, 0.5, 0.66666666665,
  0.833333333, 0.166666667, 0.833333333, 0.66666666635, 0.5, 1.0, 0.83333333335,
  0.666666667, 0.16666666665, 0.333333333, 0.16666666635000002
) 

#adjusted consonants
